Source,Destination,Path,PathDelay,PathCost
0,1,0->1,2,2
0,1,0->8->2->1,15,15
0,2,0->1->2,8,8
0,2,0->8->2,9,9
0,3,0->1->2->3,15,15
0,3,0->8->7->6->5->4->3,21,21
0,4,0->1->2->3->4,18,18
0,4,0->8->7->6->5->4,18,18
0,5,0->8->7->6->5,17,17
0,5,0->1->2->3->4->5,19,19
0,6,0->8->7->6,14,14
0,6,0->1->2->3->4->5->6,22,22
0,7,0->8->7,10,10
0,7,0->9->12->13->7,19,19
0,8,0->8,4,4
0,8,0->9->12->8,10,10
0,9,0->9,5,5
0,9,0->8->12->9,9,9
0,10,0->9->10,12,12
0,10,0->8->12->11->10,18,18
0,11,0->8->12->11,12,12
0,11,0->9->12->17->11,18,18
0,12,0->8->12,6,6
0,12,0->9->12,8,8
0,13,0->8->12->13,10,10
0,13,0->9->12->14->13,16,16
0,14,0->8->14,10,10
0,14,0->9->12->13->14,14,14
0,15,0->8->12->17->15,17,17
0,15,0->9->10->15,18,18
0,16,0->8->12->17->16,12,12
0,16,0->9->12->13->14->18->23->16,25,25
0,17,0->8->12->17,9,9
0,17,0->9->12->13->14->17,20,20
0,18,0->8->12->17->18,14,14
0,18,0->9->12->13->14->18,20,20
0,19,0->8->12->13->19,15,15
0,19,0->9->12->17->22->18->19,21,21
0,20,0->8->12->13->19->20,17,17
0,20,0->9->12->17->22->18->21->20,22,22
0,21,0->8->12->17->18->21,15,15
0,21,0->9->12->13->19->20->21,24,24
0,22,0->8->12->17->22,12,12
0,22,0->9->12->13->14->18->22,22,22
0,23,0->8->12->17->23,14,14
0,23,0->9->12->13->14->18->23,21,21
1,0,1->0,2,2
1,0,1->2->8->0,15,15
1,2,1->2,6,6
1,2,1->0->8->2,11,11
1,3,1->2->3,13,13
1,3,1->0->8->7->6->5->4->3,23,23
1,4,1->2->3->4,16,16
1,4,1->0->8->7->6->5->4,20,20
1,5,1->2->3->4->5,17,17
1,5,1->0->8->7->6->5,19,19
1,6,1->0->8->7->6,16,16
1,6,1->2->3->4->5->6,20,20
1,7,1->0->8->7,12,12
1,7,1->2->8->12->13->7,24,24
1,8,1->0->8,6,6
1,8,1->2->8,11,11
1,9,1->0->9,7,7
1,9,1->2->8->12->9,16,16
1,10,1->0->9->10,14,14
1,10,1->2->8->12->11->10,25,25
1,11,1->0->8->12->11,14,14
1,11,1->2->8->11,21,21
1,12,1->0->8->12,8,8
1,12,1->2->8->14->12,23,23
1,13,1->0->8->12->13,12,12
1,13,1->2->8->14->13,19,19
1,14,1->0->8->14,12,12
1,14,1->2->8->12->13->14,19,19
1,15,1->0->8->12->17->15,19,19
1,15,1->2->8->14->18->15,30,30
1,16,1->0->8->12->17->16,14,14
1,16,1->2->8->14->18->23->16,28,28
1,17,1->0->8->12->17,11,11
1,17,1->2->8->14->17,23,23
1,18,1->0->8->12->17->18,16,16
1,18,1->2->8->14->18,23,23
1,19,1->0->8->12->13->19,17,17
1,19,1->2->8->14->19,26,26
1,20,1->0->8->12->13->19->20,19,19
1,20,1->2->8->14->18->21->20,29,29
1,21,1->0->8->12->17->18->21,17,17
1,21,1->2->8->14->18->22->21,30,30
1,22,1->0->8->12->17->22,14,14
1,22,1->2->8->14->18->22,25,25
1,23,1->0->8->12->17->23,16,16
1,23,1->2->8->14->18->23,24,24
2,0,2->1->0,8,8
2,0,2->8->0,9,9
2,1,2->1,6,6
2,1,2->8->0->1,11,11
2,3,2->3,7,7
2,3,2->8->7->6->5->4->3,22,22
2,4,2->3->4,10,10
2,4,2->8->7->6->5->4,19,19
2,5,2->3->4->5,11,11
2,5,2->8->7->6->5,18,18
2,6,2->3->4->5->6,14,14
2,6,2->8->7->6,15,15
2,7,2->8->7,11,11
2,7,2->3->4->5->6->7,18,18
2,8,2->8,5,5
2,8,2->1->0->8,12,12
2,9,2->8->12->9,10,10
2,9,2->1->0->9,13,13
2,10,2->8->12->9->10,17,17
2,10,2->1->0->9->12->11->10,28,28
2,11,2->8->12->11,13,13
2,11,2->1->0->8->11,22,22
2,12,2->8->12,7,7
2,12,2->1->0->9->12,16,16
2,13,2->8->12->13,11,11
2,13,2->1->0->8->14->13,20,20
2,14,2->8->14,11,11
2,14,2->1->0->8->12->13->14,20,20
2,15,2->8->12->17->15,18,18
2,15,2->1->0->9->10->15,26,26
2,16,2->8->12->17->16,13,13
2,16,2->1->0->8->14->18->23->16,29,29
2,17,2->8->12->17,10,10
2,17,2->1->0->8->14->17,24,24
2,18,2->8->12->17->18,15,15
2,18,2->1->0->8->14->18,24,24
2,19,2->8->12->13->19,16,16
2,19,2->1->0->8->14->19,27,27
2,20,2->8->12->13->19->20,18,18
2,20,2->1->0->9->12->17->22->18->21->20,30,30
2,21,2->8->12->17->18->21,16,16
2,21,2->1->0->8->14->18->22->21,31,31
2,22,2->8->12->17->22,13,13
2,22,2->1->0->8->14->18->22,26,26
2,23,2->8->12->17->23,15,15
2,23,2->1->0->8->14->18->23,25,25
3,0,3->2->1->0,15,15
3,0,3->4->5->6->7->8->0,21,21
3,1,3->2->1,13,13
3,1,3->4->5->6->7->8->0->1,23,23
3,2,3->2,7,7
3,2,3->4->5->6->7->8->2,22,22
3,4,3->4,3,3
3,4,3->2->8->7->6->5->4,26,26
3,5,3->4->5,4,4
3,5,3->2->8->7->6->5,25,25
3,6,3->4->5->6,7,7
3,6,3->2->8->7->6,22,22
3,7,3->4->5->6->7,11,11
3,7,3->2->8->7,18,18
3,8,3->2->8,12,12
3,8,3->4->5->6->7->8,17,17
3,9,3->2->8->12->9,17,17
3,9,3->4->5->6->7->8->9,26,26
3,10,3->2->8->12->9->10,24,24
3,10,3->4->5->6->7->8->11->10,33,33
3,11,3->2->8->12->11,20,20
3,11,3->4->5->6->7->8->11,27,27
3,12,3->2->8->12,14,14
3,12,3->4->5->6->7->13->12,22,22
3,13,3->2->8->12->13,18,18
3,13,3->4->5->6->7->13,18,18
3,14,3->2->8->14,18,18
3,14,3->4->5->6->7->14,19,19
3,15,3->2->8->12->17->15,25,25
3,15,3->4->5->6->7->14->18->15,32,32
3,16,3->2->8->12->17->16,20,20
3,16,3->4->5->6->7->14->18->23->16,30,30
3,17,3->2->8->12->17,17,17
3,17,3->4->5->6->7->14->17,25,25
3,18,3->2->8->12->17->18,22,22
3,18,3->4->5->6->7->14->18,25,25
3,19,3->2->8->12->13->19,23,23
3,19,3->4->5->6->7->14->19,28,28
3,20,3->2->8->12->13->19->20,25,25
3,20,3->4->5->6->7->14->18->21->20,31,31
3,21,3->2->8->12->17->18->21,23,23
3,21,3->4->5->6->7->13->19->20->21,30,30
3,22,3->2->8->12->17->22,20,20
3,22,3->4->5->6->7->14->18->22,27,27
3,23,3->2->8->12->17->23,22,22
3,23,3->4->5->6->7->14->18->23,26,26
4,0,4->3->2->1->0,18,18
4,0,4->5->6->7->8->0,18,18
4,1,4->3->2->1,16,16
4,1,4->5->6->7->8->0->1,20,20
4,2,4->3->2,10,10
4,2,4->5->6->7->8->2,19,19
4,3,4->3,3,3
4,3,4->5->6->7->8->2->3,26,26
4,5,4->5,1,1
4,5,4->3->2->8->7->6->5,28,28
4,6,4->5->6,4,4
4,6,4->3->2->8->7->6,25,25
4,7,4->5->6->7,8,8
4,7,4->3->2->8->7,21,21
4,8,4->5->6->7->8,14,14
4,8,4->3->2->8,15,15
4,9,4->5->6->7->8->12->9,19,19
4,9,4->3->2->1->0->9,23,23
4,10,4->5->6->7->8->12->9->10,26,26
4,10,4->3->2->8->11->10,31,31
4,11,4->5->6->7->8->12->11,22,22
4,11,4->3->2->8->11,25,25
4,12,4->5->6->7->8->12,16,16
4,12,4->3->2->1->0->9->12,26,26
4,13,4->5->6->7->13,15,15
4,13,4->3->2->8->12->13,21,21
4,14,4->5->6->7->14,16,16
4,14,4->3->2->8->14,21,21
4,15,4->5->6->7->8->12->17->15,27,27
4,15,4->3->2->8->14->18->15,34,34
4,16,4->5->6->7->8->12->17->16,22,22
4,16,4->3->2->8->14->18->23->16,32,32
4,17,4->5->6->7->8->12->17,19,19
4,17,4->3->2->8->14->17,27,27
4,18,4->5->6->7->14->18,22,22
4,18,4->3->2->8->12->17->22->18,25,25
4,19,4->5->6->7->13->19,20,20
4,19,4->3->2->8->12->17->22->18->19,30,30
4,20,4->5->6->7->13->19->20,22,22
4,20,4->3->2->8->12->17->22->18->21->20,31,31
4,21,4->5->6->7->14->18->21,23,23
4,21,4->3->2->8->12->17->22->21,28,28
4,22,4->5->6->7->8->12->17->22,22,22
4,22,4->3->2->8->14->18->22,29,29
4,23,4->5->6->7->14->18->23,23,23
4,23,4->3->2->8->12->17->23,25,25
5,0,5->6->7->8->0,17,17
5,0,5->4->3->2->1->0,19,19
5,1,5->4->3->2->1,17,17
5,1,5->6->7->8->0->1,19,19
5,2,5->4->3->2,11,11
5,2,5->6->7->8->2,18,18
5,3,5->4->3,4,4
5,3,5->6->7->8->2->3,25,25
5,4,5->4,1,1
5,4,5->6->7->8->2->3->4,28,28
5,6,5->6,3,3
5,6,5->4->3->2->8->7->6,26,26
5,7,5->6->7,7,7
5,7,5->4->3->2->8->7,22,22
5,8,5->6->7->8,13,13
5,8,5->4->3->2->8,16,16
5,9,5->6->7->8->12->9,18,18
5,9,5->4->3->2->1->0->9,24,24
5,10,5->6->7->8->12->9->10,25,25
5,10,5->4->3->2->8->11->10,32,32
5,11,5->6->7->8->12->11,21,21
5,11,5->4->3->2->8->11,26,26
5,12,5->6->7->8->12,15,15
5,12,5->4->3->2->1->0->9->12,27,27
5,13,5->6->7->13,14,14
5,13,5->4->3->2->8->12->13,22,22
5,14,5->6->7->14,15,15
5,14,5->4->3->2->8->14,22,22
5,15,5->6->7->8->12->17->15,26,26
5,15,5->4->3->2->8->14->18->15,35,35
5,16,5->6->7->8->12->17->16,21,21
5,16,5->4->3->2->8->14->18->23->16,33,33
5,17,5->6->7->8->12->17,18,18
5,17,5->4->3->2->8->14->17,28,28
5,18,5->6->7->14->18,21,21
5,18,5->4->3->2->8->12->17->22->18,26,26
5,19,5->6->7->13->19,19,19
5,19,5->4->3->2->8->12->17->22->18->19,31,31
5,20,5->6->7->13->19->20,21,21
5,20,5->4->3->2->8->12->17->22->18->21->20,32,32
5,21,5->6->7->14->18->21,22,22
5,21,5->4->3->2->8->12->17->22->21,29,29
5,22,5->6->7->8->12->17->22,21,21
5,22,5->4->3->2->8->14->18->22,30,30
5,23,5->6->7->14->18->23,22,22
5,23,5->4->3->2->8->12->17->23,26,26
6,0,6->7->8->0,14,14
6,0,6->5->4->3->2->1->0,22,22
6,1,6->7->8->0->1,16,16
6,1,6->5->4->3->2->1,20,20
6,2,6->5->4->3->2,14,14
6,2,6->7->8->2,15,15
6,3,6->5->4->3,7,7
6,3,6->7->8->2->3,22,22
6,4,6->5->4,4,4
6,4,6->7->8->2->3->4,25,25
6,5,6->5,3,3
6,5,6->7->8->2->3->4->5,26,26
6,7,6->7,4,4
6,7,6->5->4->3->2->8->7,25,25
6,8,6->7->8,10,10
6,8,6->5->4->3->2->8,19,19
6,9,6->7->8->12->9,15,15
6,9,6->5->4->3->2->1->0->9,27,27
6,10,6->7->8->12->9->10,22,22
6,10,6->5->4->3->2->8->11->10,35,35
6,11,6->7->8->12->11,18,18
6,11,6->5->4->3->2->8->11,29,29
6,12,6->7->8->12,12,12
6,12,6->5->4->3->2->1->0->9->12,30,30
6,13,6->7->13,11,11
6,13,6->5->4->3->2->8->12->13,25,25
6,14,6->7->14,12,12
6,14,6->5->4->3->2->8->14,25,25
6,15,6->7->8->12->17->15,23,23
6,15,6->5->4->3->2->8->14->18->15,38,38
6,16,6->7->8->12->17->16,18,18
6,16,6->5->4->3->2->8->14->18->23->16,36,36
6,17,6->7->8->12->17,15,15
6,17,6->5->4->3->2->8->14->17,31,31
6,18,6->7->14->18,18,18
6,18,6->5->4->3->2->8->12->17->22->18,29,29
6,19,6->7->13->19,16,16
6,19,6->5->4->3->2->8->12->17->22->18->19,34,34
6,20,6->7->13->19->20,18,18
6,20,6->5->4->3->2->8->12->17->22->18->21->20,35,35
6,21,6->7->14->18->21,19,19
6,21,6->5->4->3->2->8->12->17->22->21,32,32
6,22,6->7->8->12->17->22,18,18
6,22,6->5->4->3->2->8->14->18->22,33,33
6,23,6->7->14->18->23,19,19
6,23,6->5->4->3->2->8->12->17->23,29,29
7,0,7->8->0,10,10
7,0,7->13->12->9->0,19,19
7,1,7->8->0->1,12,12
7,1,7->13->12->8->2->1,24,24
7,2,7->8->2,11,11
7,2,7->6->5->4->3->2,18,18
7,3,7->6->5->4->3,11,11
7,3,7->8->2->3,18,18
7,4,7->6->5->4,8,8
7,4,7->8->2->3->4,21,21
7,5,7->6->5,7,7
7,5,7->8->2->3->4->5,22,22
7,6,7->6,4,4
7,6,7->8->2->3->4->5->6,25,25
7,8,7->8,6,6
7,8,7->13->12->8,13,13
7,9,7->8->12->9,11,11
7,9,7->13->12->8->9,22,22
7,10,7->8->12->9->10,18,18
7,10,7->13->12->11->10,23,23
7,11,7->8->12->11,14,14
7,11,7->14->17->11,21,21
7,12,7->8->12,8,8
7,12,7->13->12,11,11
7,13,7->13,7,7
7,13,7->14->13,10,10
7,14,7->14,8,8
7,14,7->13->14,9,9
7,15,7->8->12->17->15,19,19
7,15,7->14->18->15,21,21
7,16,7->8->12->17->16,14,14
7,16,7->14->18->23->16,19,19
7,17,7->8->12->17,11,11
7,17,7->14->17,14,14
7,18,7->14->18,14,14
7,18,7->8->12->17->22->18,16,16
7,19,7->13->19,12,12
7,19,7->14->19,17,17
7,20,7->13->19->20,14,14
7,20,7->14->18->21->20,20,20
7,21,7->14->18->21,15,15
7,21,7->8->12->17->22->21,19,19
7,22,7->8->12->17->22,14,14
7,22,7->14->18->22,16,16
7,23,7->14->18->23,15,15
7,23,7->8->12->17->23,16,16
8,0,8->0,4,4
8,0,8->12->9->0,10,10
8,1,8->0->1,6,6
8,1,8->2->1,11,11
8,2,8->2,5,5
8,2,8->0->1->2,12,12
8,3,8->2->3,12,12
8,3,8->7->6->5->4->3,17,17
8,4,8->7->6->5->4,14,14
8,4,8->2->3->4,15,15
8,5,8->7->6->5,13,13
8,5,8->2->3->4->5,16,16
8,6,8->7->6,10,10
8,6,8->2->3->4->5->6,19,19
8,7,8->7,6,6
8,7,8->12->13->7,13,13
8,9,8->12->9,5,5
8,9,8->9,9,9
8,10,8->12->9->10,12,12
8,10,8->11->10,16,16
8,11,8->12->11,8,8
8,11,8->11,10,10
8,12,8->12,2,2
8,12,8->14->12,12,12
8,13,8->12->13,6,6
8,13,8->14->13,8,8
8,14,8->14,6,6
8,14,8->12->13->14,8,8
8,15,8->12->17->15,13,13
8,15,8->14->18->15,19,19
8,16,8->12->17->16,8,8
8,16,8->14->18->23->16,17,17
8,17,8->12->17,5,5
8,17,8->14->17,12,12
8,18,8->12->17->18,10,10
8,18,8->14->18,12,12
8,19,8->12->13->19,11,11
8,19,8->14->19,15,15
8,20,8->12->13->19->20,13,13
8,20,8->14->18->21->20,18,18
8,21,8->12->17->18->21,11,11
8,21,8->14->18->22->21,19,19
8,22,8->12->17->22,8,8
8,22,8->14->18->22,14,14
8,23,8->12->17->23,10,10
8,23,8->14->18->23,13,13
9,0,9->0,5,5
9,0,9->12->8->0,9,9
9,1,9->0->1,7,7
9,1,9->12->8->2->1,16,16
9,2,9->12->8->2,10,10
9,2,9->0->1->2,13,13
9,3,9->12->8->2->3,17,17
9,3,9->8->7->6->5->4->3,26,26
9,4,9->12->8->7->6->5->4,19,19
9,4,9->0->1->2->3->4,23,23
9,5,9->12->8->7->6->5,18,18
9,5,9->0->1->2->3->4->5,24,24
9,6,9->12->8->7->6,15,15
9,6,9->0->1->2->3->4->5->6,27,27
9,7,9->12->8->7,11,11
9,7,9->8->12->13->7,22,22
9,8,9->12->8,5,5
9,8,9->8,9,9
9,10,9->10,7,7
9,10,9->12->11->10,15,15
9,11,9->12->11,9,9
9,11,9->10->11,13,13
9,12,9->12,3,3
9,12,9->8->12,11,11
9,13,9->12->13,7,7
9,13,9->8->14->13,17,17
9,14,9->12->14,9,9
9,14,9->8->14,15,15
9,15,9->10->15,13,13
9,15,9->12->17->15,14,14
9,16,9->12->17->16,9,9
9,16,9->10->15->16,22,22
9,17,9->12->17,6,6
9,17,9->10->11->17,20,20
9,18,9->12->17->18,11,11
9,18,9->10->15->18,20,20
9,19,9->12->13->19,12,12
9,19,9->8->12->17->22->18->19,24,24
9,20,9->12->13->19->20,14,14
9,20,9->8->12->17->22->18->21->20,25,25
9,21,9->12->17->18->21,12,12
9,21,9->10->15->18->22->21,27,27
9,22,9->12->17->22,9,9
9,22,9->10->15->18->22,22,22
9,23,9->12->17->23,11,11
9,23,9->10->15->18->23,21,21
10,0,10->9->0,12,12
10,0,10->11->12->8->0,18,18
10,1,10->9->0->1,14,14
10,1,10->11->12->8->2->1,25,25
10,2,10->9->12->8->2,17,17
10,2,10->11->12->9->0->1->2,28,28
10,3,10->9->12->8->2->3,24,24
10,3,10->11->8->7->6->5->4->3,33,33
10,4,10->9->12->8->7->6->5->4,26,26
10,4,10->11->8->2->3->4,31,31
10,5,10->9->12->8->7->6->5,25,25
10,5,10->11->8->2->3->4->5,32,32
10,6,10->9->12->8->7->6,22,22
10,6,10->11->8->2->3->4->5->6,35,35
10,7,10->9->12->8->7,18,18
10,7,10->11->12->13->7,23,23
10,8,10->9->12->8,12,12
10,8,10->11->8,16,16
10,9,10->9,7,7
10,9,10->11->12->9,15,15
10,11,10->11,6,6
10,11,10->9->12->11,16,16
10,12,10->9->12,10,10
10,12,10->11->12,12,12
10,13,10->9->12->13,14,14
10,13,10->11->12->14->13,20,20
10,14,10->9->12->14,16,16
10,14,10->11->12->13->14,18,18
10,15,10->15,6,6
10,15,10->9->12->17->15,21,21
10,16,10->15->16,15,15
10,16,10->9->12->17->16,16,16
10,17,10->11->17,13,13
10,17,10->9->12->17,13,13
10,18,10->15->18,13,13
10,18,10->9->12->17->22->18,18,18
10,19,10->15->18->19,18,18
10,19,10->9->12->13->19,19,19
10,20,10->15->18->20,19,19
10,20,10->9->12->13->19->20,21,21
10,21,10->15->18->21,14,14
10,21,10->9->12->17->22->21,21,21
10,22,10->15->18->22,15,15
10,22,10->9->12->17->22,16,16
10,23,10->15->18->23,14,14
10,23,10->9->12->17->23,18,18
11,0,11->12->8->0,12,12
11,0,11->17->12->9->0,18,18
11,1,11->12->8->0->1,14,14
11,1,11->8->2->1,21,21
11,2,11->12->8->2,13,13
11,2,11->8->0->1->2,22,22
11,3,11->12->8->2->3,20,20
11,3,11->8->7->6->5->4->3,27,27
11,4,11->12->8->7->6->5->4,22,22
11,4,11->8->2->3->4,25,25
11,5,11->12->8->7->6->5,21,21
11,5,11->8->2->3->4->5,26,26
11,6,11->12->8->7->6,18,18
11,6,11->8->2->3->4->5->6,29,29
11,7,11->12->8->7,14,14
11,7,11->17->14->7,21,21
11,8,11->12->8,8,8
11,8,11->8,10,10
11,9,11->12->9,9,9
11,9,11->10->9,13,13
11,10,11->10,6,6
11,10,11->12->9->10,16,16
11,12,11->12,6,6
11,12,11->17->12,10,10
11,13,11->12->13,10,10
11,13,11->17->14->13,15,15
11,14,11->12->14,12,12
11,14,11->17->14,13,13
11,15,11->10->15,12,12
11,15,11->17->15,15,15
11,16,11->17->16,10,10
11,16,11->12->17->23->16,18,18
11,17,11->17,7,7
11,17,11->12->17,9,9
11,18,11->17->18,12,12
11,18,11->12->17->22->18,14,14
11,19,11->12->13->19,15,15
11,19,11->17->22->18->19,17,17
11,20,11->12->13->19->20,17,17
11,20,11->17->22->18->21->20,18,18
11,21,11->17->18->21,13,13
11,21,11->12->17->22->21,17,17
11,22,11->17->22,10,10
11,22,11->12->17->18->22,16,16
11,23,11->17->23,12,12
11,23,11->12->17->22->18->23,15,15
12,0,12->8->0,6,6
12,0,12->9->0,8,8
12,1,12->8->0->1,8,8
12,1,12->13->14->8->2->1,23,23
12,2,12->8->2,7,7
12,2,12->9->0->1->2,16,16
12,3,12->8->2->3,14,14
12,3,12->13->7->6->5->4->3,22,22
12,4,12->8->7->6->5->4,16,16
12,4,12->9->0->1->2->3->4,26,26
12,5,12->8->7->6->5,15,15
12,5,12->9->0->1->2->3->4->5,27,27
12,6,12->8->7->6,12,12
12,6,12->9->0->1->2->3->4->5->6,30,30
12,7,12->8->7,8,8
12,7,12->13->7,11,11
12,8,12->8,2,2
12,8,12->13->14->8,12,12
12,9,12->9,3,3
12,9,12->8->9,11,11
12,10,12->9->10,10,10
12,10,12->11->10,12,12
12,11,12->11,6,6
12,11,12->17->11,10,10
12,13,12->13,4,4
12,13,12->14->13,8,8
12,14,12->14,6,6
12,14,12->13->14,6,6
12,15,12->17->15,11,11
12,15,12->9->10->15,16,16
12,16,12->17->16,6,6
12,16,12->13->14->18->23->16,17,17
12,17,12->17,3,3
12,17,12->13->14->17,12,12
12,18,12->17->18,8,8
12,18,12->13->14->18,12,12
12,19,12->13->19,9,9
12,19,12->17->22->18->19,13,13
12,20,12->13->19->20,11,11
12,20,12->17->22->18->21->20,14,14
12,21,12->17->18->21,9,9
12,21,12->13->19->20->21,16,16
12,22,12->17->22,6,6
12,22,12->13->14->18->22,14,14
12,23,12->17->23,8,8
12,23,12->13->14->18->23,13,13
13,0,13->12->8->0,10,10
13,0,13->14->12->9->0,16,16
13,1,13->12->8->0->1,12,12
13,1,13->14->8->2->1,19,19
13,2,13->12->8->2,11,11
13,2,13->14->8->0->1->2,20,20
13,3,13->12->8->2->3,18,18
13,3,13->7->6->5->4->3,18,18
13,4,13->7->6->5->4,15,15
13,4,13->12->8->2->3->4,21,21
13,5,13->7->6->5,14,14
13,5,13->12->8->2->3->4->5,22,22
13,6,13->7->6,11,11
13,6,13->12->8->2->3->4->5->6,25,25
13,7,13->7,7,7
13,7,13->14->7,10,10
13,8,13->12->8,6,6
13,8,13->14->8,8,8
13,9,13->12->9,7,7
13,9,13->14->8->9,17,17
13,10,13->12->9->10,14,14
13,10,13->14->12->11->10,20,20
13,11,13->12->11,10,10
13,11,13->14->17->11,15,15
13,12,13->12,4,4
13,12,13->14->12,8,8
13,14,13->14,2,2
13,14,13->12->14,10,10
13,15,13->12->17->15,15,15
13,15,13->14->18->15,15,15
13,16,13->12->17->16,10,10
13,16,13->14->18->23->16,13,13
13,17,13->12->17,7,7
13,17,13->14->17,8,8
13,18,13->14->18,8,8
13,18,13->19->18,10,10
13,19,13->19,5,5
13,19,13->14->19,11,11
13,20,13->19->20,7,7
13,20,13->14->18->21->20,14,14
13,21,13->14->18->21,9,9
13,21,13->19->20->21,12,12
13,22,13->12->17->22,10,10
13,22,13->14->18->22,10,10
13,23,13->14->18->23,9,9
13,23,13->12->17->23,12,12
14,0,14->8->0,10,10
14,0,14->12->9->0,14,14
14,1,14->8->0->1,12,12
14,1,14->12->8->2->1,19,19
14,2,14->8->2,11,11
14,2,14->12->8->0->1->2,20,20
14,3,14->8->2->3,18,18
14,3,14->7->6->5->4->3,19,19
14,4,14->7->6->5->4,16,16
14,4,14->8->2->3->4,21,21
14,5,14->7->6->5,15,15
14,5,14->8->2->3->4->5,22,22
14,6,14->7->6,12,12
14,6,14->8->2->3->4->5->6,25,25
14,7,14->7,8,8
14,7,14->13->7,9,9
14,8,14->8,6,6
14,8,14->12->8,8,8
14,9,14->12->9,9,9
14,9,14->8->9,15,15
14,10,14->12->9->10,16,16
14,10,14->13->12->11->10,18,18
14,11,14->12->11,12,12
14,11,14->17->11,13,13
14,12,14->12,6,6
14,12,14->13->12,6,6
14,13,14->13,2,2
14,13,14->12->13,10,10
14,15,14->18->15,13,13
14,15,14->17->15,14,14
14,16,14->17->16,9,9
14,16,14->18->23->16,11,11
14,17,14->17,6,6
14,17,14->12->17,9,9
14,18,14->18,6,6
14,18,14->17->22->18,11,11
14,19,14->13->19,7,7
14,19,14->19,9,9
14,20,14->13->19->20,9,9
14,20,14->18->21->20,12,12
14,21,14->18->21,7,7
14,21,14->17->22->21,14,14
14,22,14->18->22,8,8
14,22,14->17->22,9,9
14,23,14->18->23,7,7
14,23,14->17->23,11,11
15,0,15->17->12->8->0,17,17
15,0,15->10->9->0,18,18
15,1,15->17->12->8->0->1,19,19
15,1,15->18->14->8->2->1,30,30
15,2,15->17->12->8->2,18,18
15,2,15->10->9->0->1->2,26,26
15,3,15->17->12->8->2->3,25,25
15,3,15->18->14->7->6->5->4->3,32,32
15,4,15->17->12->8->7->6->5->4,27,27
15,4,15->18->14->8->2->3->4,34,34
15,5,15->17->12->8->7->6->5,26,26
15,5,15->18->14->8->2->3->4->5,35,35
15,6,15->17->12->8->7->6,23,23
15,6,15->18->14->8->2->3->4->5->6,38,38
15,7,15->17->12->8->7,19,19
15,7,15->18->14->7,21,21
15,8,15->17->12->8,13,13
15,8,15->18->14->8,19,19
15,9,15->10->9,13,13
15,9,15->17->12->9,14,14
15,10,15->10,6,6
15,10,15->17->11->10,21,21
15,11,15->10->11,12,12
15,11,15->17->11,15,15
15,12,15->17->12,11,11
15,12,15->10->9->12,16,16
15,13,15->17->12->13,15,15
15,13,15->18->14->13,15,15
15,14,15->18->14,13,13
15,14,15->17->14,14,14
15,16,15->16,9,9
15,16,15->17->16,11,11
15,17,15->17,8,8
15,17,15->18->22->17,12,12
15,18,15->18,7,7
15,18,15->17->22->18,13,13
15,19,15->18->19,12,12
15,19,15->17->12->13->19,20,20
15,20,15->18->20,13,13
15,20,15->17->22->18->21->20,19,19
15,21,15->18->21,8,8
15,21,15->17->22->21,16,16
15,22,15->18->22,9,9
15,22,15->17->22,11,11
15,23,15->18->23,8,8
15,23,15->17->23,13,13
16,0,16->17->12->8->0,12,12
16,0,16->23->18->14->12->9->0,25,25
16,1,16->17->12->8->0->1,14,14
16,1,16->23->18->14->8->2->1,28,28
16,2,16->17->12->8->2,13,13
16,2,16->23->18->14->8->0->1->2,29,29
16,3,16->17->12->8->2->3,20,20
16,3,16->23->18->14->7->6->5->4->3,30,30
16,4,16->17->12->8->7->6->5->4,22,22
16,4,16->23->18->14->8->2->3->4,32,32
16,5,16->17->12->8->7->6->5,21,21
16,5,16->23->18->14->8->2->3->4->5,33,33
16,6,16->17->12->8->7->6,18,18
16,6,16->23->18->14->8->2->3->4->5->6,36,36
16,7,16->17->12->8->7,14,14
16,7,16->23->18->14->7,19,19
16,8,16->17->12->8,8,8
16,8,16->23->18->14->8,17,17
16,9,16->17->12->9,9,9
16,9,16->15->10->9,22,22
16,10,16->15->10,15,15
16,10,16->17->11->10,16,16
16,11,16->17->11,10,10
16,11,16->23->17->12->11,18,18
16,12,16->17->12,6,6
16,12,16->23->18->14->12,17,17
16,13,16->17->12->13,10,10
16,13,16->23->18->14->13,13,13
16,14,16->17->14,9,9
16,14,16->23->18->14,11,11
16,15,16->15,9,9
16,15,16->17->15,11,11
16,17,16->17,3,3
16,17,16->23->17,9,9
16,18,16->23->18,5,5
16,18,16->17->22->18,8,8
16,19,16->23->18->19,10,10
16,19,16->17->12->13->19,15,15
16,20,16->23->18->20,11,11
16,20,16->17->22->18->21->20,14,14
16,21,16->23->18->21,6,6
16,21,16->17->22->21,11,11
16,22,16->17->22,6,6
16,22,16->23->18->22,7,7
16,23,16->23,4,4
16,23,16->17->23,8,8
17,0,17->12->8->0,9,9
17,0,17->14->12->9->0,20,20
17,1,17->12->8->0->1,11,11
17,1,17->14->8->2->1,23,23
17,2,17->12->8->2,10,10
17,2,17->14->8->0->1->2,24,24
17,3,17->12->8->2->3,17,17
17,3,17->14->7->6->5->4->3,25,25
17,4,17->12->8->7->6->5->4,19,19
17,4,17->14->8->2->3->4,27,27
17,5,17->12->8->7->6->5,18,18
17,5,17->14->8->2->3->4->5,28,28
17,6,17->12->8->7->6,15,15
17,6,17->14->8->2->3->4->5->6,31,31
17,7,17->12->8->7,11,11
17,7,17->14->7,14,14
17,8,17->12->8,5,5
17,8,17->14->8,12,12
17,9,17->12->9,6,6
17,9,17->11->10->9,20,20
17,10,17->11->10,13,13
17,10,17->12->9->10,13,13
17,11,17->11,7,7
17,11,17->12->11,9,9
17,12,17->12,3,3
17,12,17->14->12,12,12
17,13,17->12->13,7,7
17,13,17->14->13,8,8
17,14,17->14,6,6
17,14,17->12->13->14,9,9
17,15,17->15,8,8
17,15,17->22->18->15,12,12
17,16,17->16,3,3
17,16,17->23->16,9,9
17,18,17->18,5,5
17,18,17->22->18,5,5
17,19,17->18->19,10,10
17,19,17->12->13->19,12,12
17,20,17->18->20,11,11
17,20,17->22->18->21->20,11,11
17,21,17->18->21,6,6
17,21,17->22->21,8,8
17,22,17->22,3,3
17,22,17->18->22,7,7
17,23,17->23,5,5
17,23,17->22->18->23,6,6
18,0,18->17->12->8->0,14,14
18,0,18->14->12->9->0,20,20
18,1,18->17->12->8->0->1,16,16
18,1,18->14->8->2->1,23,23
18,2,18->17->12->8->2,15,15
18,2,18->14->8->0->1->2,24,24
18,3,18->17->12->8->2->3,22,22
18,3,18->14->7->6->5->4->3,25,25
18,4,18->14->7->6->5->4,22,22
18,4,18->22->17->12->8->2->3->4,25,25
18,5,18->14->7->6->5,21,21
18,5,18->22->17->12->8->2->3->4->5,26,26
18,6,18->14->7->6,18,18
18,6,18->22->17->12->8->2->3->4->5->6,29,29
18,7,18->14->7,14,14
18,7,18->22->17->12->8->7,16,16
18,8,18->17->12->8,10,10
18,8,18->14->8,12,12
18,9,18->17->12->9,11,11
18,9,18->15->10->9,20,20
18,10,18->15->10,13,13
18,10,18->22->17->11->10,18,18
18,11,18->17->11,12,12
18,11,18->22->17->12->11,14,14
18,12,18->17->12,8,8
18,12,18->14->12,12,12
18,13,18->14->13,8,8
18,13,18->19->13,10,10
18,14,18->14,6,6
18,14,18->22->17->14,11,11
18,15,18->15,7,7
18,15,18->22->17->15,13,13
18,16,18->23->16,5,5
18,16,18->22->17->16,8,8
18,17,18->17,5,5
18,17,18->22->17,5,5
18,19,18->19,5,5
18,19,18->21->20->19,8,8
18,20,18->20,6,6
18,20,18->21->20,6,6
18,21,18->21,1,1
18,21,18->22->21,7,7
18,22,18->22,2,2
18,22,18->21->22,6,6
18,23,18->23,1,1
18,23,18->22->23,8,8
19,0,19->13->12->8->0,15,15
19,0,19->18->22->17->12->9->0,21,21
19,1,19->13->12->8->0->1,17,17
19,1,19->14->8->2->1,26,26
19,2,19->13->12->8->2,16,16
19,2,19->14->8->0->1->2,27,27
19,3,19->13->12->8->2->3,23,23
19,3,19->14->7->6->5->4->3,28,28
19,4,19->13->7->6->5->4,20,20
19,4,19->14->8->2->3->4,30,30
19,5,19->13->7->6->5,19,19
19,5,19->14->8->2->3->4->5,31,31
19,6,19->13->7->6,16,16
19,6,19->14->8->2->3->4->5->6,34,34
19,7,19->13->7,12,12
19,7,19->14->7,17,17
19,8,19->13->12->8,11,11
19,8,19->14->8,15,15
19,9,19->13->12->9,12,12
19,9,19->14->8->9,24,24
19,10,19->18->15->10,18,18
19,10,19->13->12->9->10,19,19
19,11,19->13->12->11,15,15
19,11,19->18->22->17->11,17,17
19,12,19->13->12,9,9
19,12,19->18->22->17->12,13,13
19,13,19->13,5,5
19,13,19->14->13,11,11
19,14,19->13->14,7,7
19,14,19->14,9,9
19,15,19->18->15,12,12
19,15,19->13->12->17->15,20,20
19,16,19->18->23->16,10,10
19,16,19->13->12->17->16,15,15
19,17,19->18->17,10,10
19,17,19->13->12->17,12,12
19,18,19->18,5,5
19,18,19->20->21->18,8,8
19,20,19->20,2,2
19,20,19->18->21->20,11,11
19,21,19->18->21,6,6
19,21,19->20->21,7,7
19,22,19->18->22,7,7
19,22,19->20->21->22,12,12
19,23,19->18->23,6,6
19,23,19->20->21->18->22->23,16,16
20,0,20->19->13->12->8->0,17,17
20,0,20->21->18->22->17->12->9->0,22,22
20,1,20->19->13->12->8->0->1,19,19
20,1,20->21->18->14->8->2->1,29,29
20,2,20->19->13->12->8->2,18,18
20,2,20->21->18->22->17->12->9->0->1->2,30,30
20,3,20->19->13->12->8->2->3,25,25
20,3,20->21->18->14->7->6->5->4->3,31,31
20,4,20->19->13->7->6->5->4,22,22
20,4,20->21->18->22->17->12->8->2->3->4,31,31
20,5,20->19->13->7->6->5,21,21
20,5,20->21->18->22->17->12->8->2->3->4->5,32,32
20,6,20->19->13->7->6,18,18
20,6,20->21->18->22->17->12->8->2->3->4->5->6,35,35
20,7,20->19->13->7,14,14
20,7,20->21->18->14->7,20,20
20,8,20->19->13->12->8,13,13
20,8,20->21->18->14->8,18,18
20,9,20->19->13->12->9,14,14
20,9,20->21->18->22->17->12->8->9,25,25
20,10,20->18->15->10,19,19
20,10,20->19->13->12->9->10,21,21
20,11,20->19->13->12->11,17,17
20,11,20->21->18->22->17->11,18,18
20,12,20->19->13->12,11,11
20,12,20->21->18->22->17->12,14,14
20,13,20->19->13,7,7
20,13,20->21->18->14->13,14,14
20,14,20->19->13->14,9,9
20,14,20->21->18->14,12,12
20,15,20->18->15,13,13
20,15,20->21->18->22->17->15,19,19
20,16,20->18->23->16,11,11
20,16,20->21->18->22->17->16,14,14
20,17,20->18->17,11,11
20,17,20->21->18->22->17,11,11
20,18,20->18,6,6
20,18,20->21->18,6,6
20,19,20->19,2,2
20,19,20->21->18->19,11,11
20,21,20->21,5,5
20,21,20->18->21,7,7
20,22,20->18->22,8,8
20,22,20->21->22,10,10
20,23,20->18->23,7,7
20,23,20->21->18->22->23,14,14
21,0,21->18->17->12->8->0,15,15
21,0,21->20->19->13->12->9->0,24,24
21,1,21->18->17->12->8->0->1,17,17
21,1,21->22->18->14->8->2->1,30,30
21,2,21->18->17->12->8->2,16,16
21,2,21->22->18->14->8->0->1->2,31,31
21,3,21->18->17->12->8->2->3,23,23
21,3,21->20->19->13->7->6->5->4->3,30,30
21,4,21->18->14->7->6->5->4,23,23
21,4,21->22->17->12->8->2->3->4,28,28
21,5,21->18->14->7->6->5,22,22
21,5,21->22->17->12->8->2->3->4->5,29,29
21,6,21->18->14->7->6,19,19
21,6,21->22->17->12->8->2->3->4->5->6,32,32
21,7,21->18->14->7,15,15
21,7,21->20->19->13->7,19,19
21,8,21->18->17->12->8,11,11
21,8,21->22->18->14->8,19,19
21,9,21->18->17->12->9,12,12
21,9,21->22->18->15->10->9,27,27
21,10,21->18->15->10,14,14
21,10,21->22->17->11->10,21,21
21,11,21->18->17->11,13,13
21,11,21->22->17->12->11,17,17
21,12,21->18->17->12,9,9
21,12,21->20->19->13->12,16,16
21,13,21->18->14->13,9,9
21,13,21->20->19->13,12,12
21,14,21->18->14,7,7
21,14,21->22->17->14,14,14
21,15,21->18->15,8,8
21,15,21->22->17->15,16,16
21,16,21->18->23->16,6,6
21,16,21->22->17->16,11,11
21,17,21->18->17,6,6
21,17,21->22->17,8,8
21,18,21->18,1,1
21,18,21->22->18,7,7
21,19,21->18->19,6,6
21,19,21->20->19,7,7
21,20,21->20,5,5
21,20,21->18->20,7,7
21,22,21->18->22,3,3
21,22,21->22,5,5
21,23,21->18->23,2,2
21,23,21->22->23,11,11
22,0,22->17->12->8->0,12,12
22,0,22->18->14->12->9->0,22,22
22,1,22->17->12->8->0->1,14,14
22,1,22->18->14->8->2->1,25,25
22,2,22->17->12->8->2,13,13
22,2,22->18->14->8->0->1->2,26,26
22,3,22->17->12->8->2->3,20,20
22,3,22->18->14->7->6->5->4->3,27,27
22,4,22->17->12->8->7->6->5->4,22,22
22,4,22->18->14->8->2->3->4,29,29
22,5,22->17->12->8->7->6->5,21,21
22,5,22->18->14->8->2->3->4->5,30,30
22,6,22->17->12->8->7->6,18,18
22,6,22->18->14->8->2->3->4->5->6,33,33
22,7,22->17->12->8->7,14,14
22,7,22->18->14->7,16,16
22,8,22->17->12->8,8,8
22,8,22->18->14->8,14,14
22,9,22->17->12->9,9,9
22,9,22->18->15->10->9,22,22
22,10,22->18->15->10,15,15
22,10,22->17->11->10,16,16
22,11,22->17->11,10,10
22,11,22->18->17->12->11,16,16
22,12,22->17->12,6,6
22,12,22->18->14->12,14,14
22,13,22->17->12->13,10,10
22,13,22->18->14->13,10,10
22,14,22->18->14,8,8
22,14,22->17->14,9,9
22,15,22->18->15,9,9
22,15,22->17->15,11,11
22,16,22->17->16,6,6
22,16,22->18->23->16,7,7
22,17,22->17,3,3
22,17,22->18->17,7,7
22,18,22->18,2,2
22,18,22->21->18,6,6
22,19,22->18->19,7,7
22,19,22->21->20->19,12,12
22,20,22->18->20,8,8
22,20,22->21->20,10,10
22,21,22->18->21,3,3
22,21,22->21,5,5
22,23,22->18->23,3,3
22,23,22->23,6,6
23,0,23->17->12->8->0,14,14
23,0,23->18->14->12->9->0,21,21
23,1,23->17->12->8->0->1,16,16
23,1,23->18->14->8->2->1,24,24
23,2,23->17->12->8->2,15,15
23,2,23->18->14->8->0->1->2,25,25
23,3,23->17->12->8->2->3,22,22
23,3,23->18->14->7->6->5->4->3,26,26
23,4,23->18->14->7->6->5->4,23,23
23,4,23->17->12->8->2->3->4,25,25
23,5,23->18->14->7->6->5,22,22
23,5,23->17->12->8->2->3->4->5,26,26
23,6,23->18->14->7->6,19,19
23,6,23->17->12->8->2->3->4->5->6,29,29
23,7,23->18->14->7,15,15
23,7,23->17->12->8->7,16,16
23,8,23->17->12->8,10,10
23,8,23->18->14->8,13,13
23,9,23->17->12->9,11,11
23,9,23->18->15->10->9,21,21
23,10,23->18->15->10,14,14
23,10,23->17->11->10,18,18
23,11,23->17->11,12,12
23,11,23->18->22->17->12->11,15,15
23,12,23->17->12,8,8
23,12,23->18->14->12,13,13
23,13,23->18->14->13,9,9
23,13,23->17->12->13,12,12
23,14,23->18->14,7,7
23,14,23->17->14,11,11
23,15,23->18->15,8,8
23,15,23->17->15,13,13
23,16,23->16,4,4
23,16,23->17->16,8,8
23,17,23->17,5,5
23,17,23->18->22->17,6,6
23,18,23->18,1,1
23,18,23->22->18,8,8
23,19,23->18->19,6,6
23,19,23->22->18->21->20->19,16,16
23,20,23->18->20,7,7
23,20,23->22->18->21->20,14,14
23,21,23->18->21,2,2
23,21,23->22->21,11,11
23,22,23->18->22,3,3
23,22,23->22,6,6
